2022/09/04-15:27:43.639512 205a4e600 RocksDB version: 6.12.7
2022/09/04-15:27:43.639865 205a4e600 Git sha rocksdb_build_git_sha:@0@
2022/09/04-15:27:43.639868 205a4e600 Compile date Jul 27 2021
2022/09/04-15:27:43.639882 205a4e600 DB SUMMARY
2022/09/04-15:27:43.639883 205a4e600 DB Session ID:  1HNSTHMNEW26RRTDW0V1
2022/09/04-15:27:43.639910 205a4e600 SST files in /Users/linxinrong/Documents/ic/01/mysite/.dfx/state/replicated_state/node-100/ic_consensus_pool/consensus dir, Total Num: 0, files: 
2022/09/04-15:27:43.639912 205a4e600 Write Ahead Log file in /Users/linxinrong/Documents/ic/01/mysite/.dfx/state/replicated_state/node-100/ic_consensus_pool/consensus: 
2022/09/04-15:27:43.639913 205a4e600                         Options.error_if_exists: 0
2022/09/04-15:27:43.639915 205a4e600                       Options.create_if_missing: 1
2022/09/04-15:27:43.639916 205a4e600                         Options.paranoid_checks: 1
2022/09/04-15:27:43.639916 205a4e600                                     Options.env: 0x103666488
2022/09/04-15:27:43.639918 205a4e600                                      Options.fs: Posix File System
2022/09/04-15:27:43.639919 205a4e600                                Options.info_log: 0x6000002005a0
2022/09/04-15:27:43.639919 205a4e600                Options.max_file_opening_threads: 16
2022/09/04-15:27:43.639920 205a4e600                              Options.statistics: 0x0
2022/09/04-15:27:43.639921 205a4e600                               Options.use_fsync: 1
2022/09/04-15:27:43.639922 205a4e600                       Options.max_log_file_size: 0
2022/09/04-15:27:43.639923 205a4e600                  Options.max_manifest_file_size: 1073741824
2022/09/04-15:27:43.639924 205a4e600                   Options.log_file_time_to_roll: 0
2022/09/04-15:27:43.639924 205a4e600                       Options.keep_log_file_num: 1000
2022/09/04-15:27:43.639925 205a4e600                    Options.recycle_log_file_num: 0
2022/09/04-15:27:43.639926 205a4e600                         Options.allow_fallocate: 1
2022/09/04-15:27:43.639927 205a4e600                        Options.allow_mmap_reads: 0
2022/09/04-15:27:43.639927 205a4e600                       Options.allow_mmap_writes: 0
2022/09/04-15:27:43.639928 205a4e600                        Options.use_direct_reads: 0
2022/09/04-15:27:43.639929 205a4e600                        Options.use_direct_io_for_flush_and_compaction: 0
2022/09/04-15:27:43.639930 205a4e600          Options.create_missing_column_families: 1
2022/09/04-15:27:43.639931 205a4e600                              Options.db_log_dir: 
2022/09/04-15:27:43.639931 205a4e600                                 Options.wal_dir: /Users/linxinrong/Documents/ic/01/mysite/.dfx/state/replicated_state/node-100/ic_consensus_pool/consensus
2022/09/04-15:27:43.639932 205a4e600                Options.table_cache_numshardbits: 6
2022/09/04-15:27:43.639933 205a4e600                         Options.WAL_ttl_seconds: 0
2022/09/04-15:27:43.639934 205a4e600                       Options.WAL_size_limit_MB: 0
2022/09/04-15:27:43.639934 205a4e600                        Options.max_write_batch_group_size_bytes: 1048576
2022/09/04-15:27:43.639935 205a4e600             Options.manifest_preallocation_size: 4194304
2022/09/04-15:27:43.639936 205a4e600                     Options.is_fd_close_on_exec: 1
2022/09/04-15:27:43.639937 205a4e600                   Options.advise_random_on_open: 1
2022/09/04-15:27:43.639937 205a4e600                    Options.db_write_buffer_size: 0
2022/09/04-15:27:43.639938 205a4e600                    Options.write_buffer_manager: 0x600002f15110
2022/09/04-15:27:43.639939 205a4e600         Options.access_hint_on_compaction_start: 1
2022/09/04-15:27:43.639940 205a4e600  Options.new_table_reader_for_compaction_inputs: 0
2022/09/04-15:27:43.639940 205a4e600           Options.random_access_max_buffer_size: 1048576
2022/09/04-15:27:43.639941 205a4e600                      Options.use_adaptive_mutex: 0
2022/09/04-15:27:43.639942 205a4e600                            Options.rate_limiter: 0x0
2022/09/04-15:27:43.639944 205a4e600     Options.sst_file_manager.rate_bytes_per_sec: 0
2022/09/04-15:27:43.639945 205a4e600                       Options.wal_recovery_mode: 2
2022/09/04-15:27:43.639961 205a4e600                  Options.enable_thread_tracking: 0
2022/09/04-15:27:43.639962 205a4e600                  Options.enable_pipelined_write: 0
2022/09/04-15:27:43.639962 205a4e600                  Options.unordered_write: 0
2022/09/04-15:27:43.639963 205a4e600         Options.allow_concurrent_memtable_write: 1
2022/09/04-15:27:43.639964 205a4e600      Options.enable_write_thread_adaptive_yield: 1
2022/09/04-15:27:43.639965 205a4e600             Options.write_thread_max_yield_usec: 100
2022/09/04-15:27:43.639965 205a4e600            Options.write_thread_slow_yield_usec: 3
2022/09/04-15:27:43.639966 205a4e600                               Options.row_cache: None
2022/09/04-15:27:43.639967 205a4e600                              Options.wal_filter: None
2022/09/04-15:27:43.639969 205a4e600             Options.avoid_flush_during_recovery: 0
2022/09/04-15:27:43.639970 205a4e600             Options.allow_ingest_behind: 0
2022/09/04-15:27:43.639970 205a4e600             Options.preserve_deletes: 0
2022/09/04-15:27:43.639971 205a4e600             Options.two_write_queues: 0
2022/09/04-15:27:43.639972 205a4e600             Options.manual_wal_flush: 0
2022/09/04-15:27:43.639973 205a4e600             Options.atomic_flush: 0
2022/09/04-15:27:43.639973 205a4e600             Options.avoid_unnecessary_blocking_io: 0
2022/09/04-15:27:43.639974 205a4e600                 Options.persist_stats_to_disk: 0
2022/09/04-15:27:43.639975 205a4e600                 Options.write_dbid_to_manifest: 0
2022/09/04-15:27:43.639976 205a4e600                 Options.log_readahead_size: 0
2022/09/04-15:27:43.639976 205a4e600                 Options.file_checksum_gen_factory: Unknown
2022/09/04-15:27:43.639978 205a4e600                 Options.best_efforts_recovery: 0
2022/09/04-15:27:43.639979 205a4e600                Options.max_bgerror_resume_count: 2147483647
2022/09/04-15:27:43.639980 205a4e600            Options.bgerror_resume_retry_interval: 1000000
2022/09/04-15:27:43.639981 205a4e600             Options.max_background_jobs: 2
2022/09/04-15:27:43.639981 205a4e600             Options.max_background_compactions: -1
2022/09/04-15:27:43.639982 205a4e600             Options.max_subcompactions: 1
2022/09/04-15:27:43.639983 205a4e600             Options.avoid_flush_during_shutdown: 0
2022/09/04-15:27:43.639984 205a4e600           Options.writable_file_max_buffer_size: 1048576
2022/09/04-15:27:43.639984 205a4e600             Options.delayed_write_rate : 16777216
2022/09/04-15:27:43.639985 205a4e600             Options.max_total_wal_size: 0
2022/09/04-15:27:43.639986 205a4e600             Options.delete_obsolete_files_period_micros: 21600000000
2022/09/04-15:27:43.639987 205a4e600                   Options.stats_dump_period_sec: 600
2022/09/04-15:27:43.639988 205a4e600                 Options.stats_persist_period_sec: 600
2022/09/04-15:27:43.639988 205a4e600                 Options.stats_history_buffer_size: 1048576
2022/09/04-15:27:43.639989 205a4e600                          Options.max_open_files: -1
2022/09/04-15:27:43.639990 205a4e600                          Options.bytes_per_sync: 0
2022/09/04-15:27:43.639992 205a4e600                      Options.wal_bytes_per_sync: 0
2022/09/04-15:27:43.639992 205a4e600                   Options.strict_bytes_per_sync: 0
2022/09/04-15:27:43.639993 205a4e600       Options.compaction_readahead_size: 0
2022/09/04-15:27:43.639994 205a4e600                  Options.max_background_flushes: -1
2022/09/04-15:27:43.639995 205a4e600 Compression algorithms supported:
2022/09/04-15:27:43.639997 205a4e600 	kZSTD supported: 1
2022/09/04-15:27:43.639998 205a4e600 	kZlibCompression supported: 1
2022/09/04-15:27:43.640007 205a4e600 	kXpressCompression supported: 0
2022/09/04-15:27:43.640008 205a4e600 	kSnappyCompression supported: 1
2022/09/04-15:27:43.640009 205a4e600 	kZSTDNotFinalCompression supported: 1
2022/09/04-15:27:43.640010 205a4e600 	kLZ4HCCompression supported: 1
2022/09/04-15:27:43.640010 205a4e600 	kLZ4Compression supported: 1
2022/09/04-15:27:43.640019 205a4e600 	kBZip2Compression supported: 1
2022/09/04-15:27:43.640021 205a4e600 Fast CRC32 supported: Supported on x86
2022/09/04-15:27:43.640294 205a4e600 [db/db_impl/db_impl_open.cc:271] Creating manifest 1 
2022/09/04-15:27:43.640598 205a4e600 [db/version_set.cc:4560] Recovering from manifest file: /Users/linxinrong/Documents/ic/01/mysite/.dfx/state/replicated_state/node-100/ic_consensus_pool/consensus/MANIFEST-000001
2022/09/04-15:27:43.640638 205a4e600 [db/column_family.cc:580] --------------- Options for column family [default]:
2022/09/04-15:27:43.640640 205a4e600               Options.comparator: leveldb.BytewiseComparator
2022/09/04-15:27:43.640641 205a4e600           Options.merge_operator: None
2022/09/04-15:27:43.640642 205a4e600        Options.compaction_filter: None
2022/09/04-15:27:43.640643 205a4e600        Options.compaction_filter_factory: None
2022/09/04-15:27:43.640644 205a4e600  Options.sst_partitioner_factory: None
2022/09/04-15:27:43.640645 205a4e600         Options.memtable_factory: SkipListFactory
2022/09/04-15:27:43.640645 205a4e600            Options.table_factory: BlockBasedTable
2022/09/04-15:27:43.640664 205a4e600            table_factory options:   flush_block_policy_factory: FlushBlockBySizePolicyFactory (0x600002309540)
  cache_index_and_filter_blocks: 0
  cache_index_and_filter_blocks_with_high_priority: 1
  pin_l0_filter_and_index_blocks_in_cache: 0
  pin_top_level_index_and_filter: 1
  index_type: 0
  data_block_index_type: 0
  index_shortening: 1
  data_block_hash_table_util_ratio: 0.750000
  hash_index_allow_collision: 1
  checksum: 1
  no_block_cache: 0
  block_cache: 0x600001001eb8
  block_cache_name: LRUCache
  block_cache_options:
    capacity : 8388608
    num_shard_bits : 4
    strict_capacity_limit : 0
    memory_allocator : None
    high_pri_pool_ratio: 0.000
  block_cache_compressed: 0x0
  persistent_cache: 0x0
  block_size: 4096
  block_size_deviation: 10
  block_restart_interval: 16
  index_block_restart_interval: 1
  metadata_block_size: 4096
  partition_filters: 0
  use_delta_encoding: 1
  filter_policy: nullptr
  whole_key_filtering: 1
  verify_compression: 0
  read_amp_bytes_per_bit: 0
  format_version: 4
  enable_index_compression: 1
  block_align: 0
2022/09/04-15:27:43.640666 205a4e600        Options.write_buffer_size: 67108864
2022/09/04-15:27:43.640666 205a4e600  Options.max_write_buffer_number: 2
2022/09/04-15:27:43.640668 205a4e600          Options.compression: Snappy
2022/09/04-15:27:43.640669 205a4e600                  Options.bottommost_compression: Disabled
2022/09/04-15:27:43.640670 205a4e600       Options.prefix_extractor: nullptr
2022/09/04-15:27:43.640671 205a4e600   Options.memtable_insert_with_hint_prefix_extractor: nullptr
2022/09/04-15:27:43.640672 205a4e600             Options.num_levels: 7
2022/09/04-15:27:43.640673 205a4e600        Options.min_write_buffer_number_to_merge: 1
2022/09/04-15:27:43.640673 205a4e600     Options.max_write_buffer_number_to_maintain: 0
2022/09/04-15:27:43.640674 205a4e600     Options.max_write_buffer_size_to_maintain: 0
2022/09/04-15:27:43.640675 205a4e600            Options.bottommost_compression_opts.window_bits: -14
2022/09/04-15:27:43.640676 205a4e600                  Options.bottommost_compression_opts.level: 32767
2022/09/04-15:27:43.640677 205a4e600               Options.bottommost_compression_opts.strategy: 0
2022/09/04-15:27:43.640677 205a4e600         Options.bottommost_compression_opts.max_dict_bytes: 0
2022/09/04-15:27:43.640678 205a4e600         Options.bottommost_compression_opts.zstd_max_train_bytes: 0
2022/09/04-15:27:43.640679 205a4e600         Options.bottommost_compression_opts.parallel_threads: 1
2022/09/04-15:27:43.640680 205a4e600                  Options.bottommost_compression_opts.enabled: false
2022/09/04-15:27:43.640681 205a4e600            Options.compression_opts.window_bits: -14
2022/09/04-15:27:43.640682 205a4e600                  Options.compression_opts.level: 32767
2022/09/04-15:27:43.640682 205a4e600               Options.compression_opts.strategy: 0
2022/09/04-15:27:43.640693 205a4e600         Options.compression_opts.max_dict_bytes: 0
2022/09/04-15:27:43.640694 205a4e600         Options.compression_opts.zstd_max_train_bytes: 0
2022/09/04-15:27:43.640695 205a4e600         Options.compression_opts.parallel_threads: 1
2022/09/04-15:27:43.640696 205a4e600                  Options.compression_opts.enabled: false
2022/09/04-15:27:43.640696 205a4e600      Options.level0_file_num_compaction_trigger: 4
2022/09/04-15:27:43.640697 205a4e600          Options.level0_slowdown_writes_trigger: 20
2022/09/04-15:27:43.640698 205a4e600              Options.level0_stop_writes_trigger: 36
2022/09/04-15:27:43.640699 205a4e600                   Options.target_file_size_base: 67108864
2022/09/04-15:27:43.640700 205a4e600             Options.target_file_size_multiplier: 1
2022/09/04-15:27:43.640700 205a4e600                Options.max_bytes_for_level_base: 268435456
2022/09/04-15:27:43.640701 205a4e600 Options.level_compaction_dynamic_level_bytes: 0
2022/09/04-15:27:43.640703 205a4e600          Options.max_bytes_for_level_multiplier: 10.000000
2022/09/04-15:27:43.640704 205a4e600 Options.max_bytes_for_level_multiplier_addtl[0]: 1
2022/09/04-15:27:43.640705 205a4e600 Options.max_bytes_for_level_multiplier_addtl[1]: 1
2022/09/04-15:27:43.640706 205a4e600 Options.max_bytes_for_level_multiplier_addtl[2]: 1
2022/09/04-15:27:43.640706 205a4e600 Options.max_bytes_for_level_multiplier_addtl[3]: 1
2022/09/04-15:27:43.640707 205a4e600 Options.max_bytes_for_level_multiplier_addtl[4]: 1
2022/09/04-15:27:43.640708 205a4e600 Options.max_bytes_for_level_multiplier_addtl[5]: 1
2022/09/04-15:27:43.640709 205a4e600 Options.max_bytes_for_level_multiplier_addtl[6]: 1
2022/09/04-15:27:43.640710 205a4e600       Options.max_sequential_skip_in_iterations: 8
2022/09/04-15:27:43.640710 205a4e600                    Options.max_compaction_bytes: 1677721600
2022/09/04-15:27:43.640711 205a4e600                        Options.arena_block_size: 8388608
2022/09/04-15:27:43.640712 205a4e600   Options.soft_pending_compaction_bytes_limit: 68719476736
2022/09/04-15:27:43.640713 205a4e600   Options.hard_pending_compaction_bytes_limit: 274877906944
2022/09/04-15:27:43.640714 205a4e600       Options.rate_limit_delay_max_milliseconds: 100
2022/09/04-15:27:43.640714 205a4e600                Options.disable_auto_compactions: 0
2022/09/04-15:27:43.640716 205a4e600                        Options.compaction_style: kCompactionStyleLevel
2022/09/04-15:27:43.640717 205a4e600                          Options.compaction_pri: kMinOverlappingRatio
2022/09/04-15:27:43.640718 205a4e600 Options.compaction_options_universal.size_ratio: 1
2022/09/04-15:27:43.640718 205a4e600 Options.compaction_options_universal.min_merge_width: 2
2022/09/04-15:27:43.640719 205a4e600 Options.compaction_options_universal.max_merge_width: 4294967295
2022/09/04-15:27:43.640720 205a4e600 Options.compaction_options_universal.max_size_amplification_percent: 200
2022/09/04-15:27:43.640721 205a4e600 Options.compaction_options_universal.compression_size_percent: -1
2022/09/04-15:27:43.640722 205a4e600 Options.compaction_options_universal.stop_style: kCompactionStopStyleTotalSize
2022/09/04-15:27:43.640723 205a4e600 Options.compaction_options_fifo.max_table_files_size: 1073741824
2022/09/04-15:27:43.640723 205a4e600 Options.compaction_options_fifo.allow_compaction: 0
2022/09/04-15:27:43.640726 205a4e600                   Options.table_properties_collectors: 
2022/09/04-15:27:43.640727 205a4e600                   Options.inplace_update_support: 0
2022/09/04-15:27:43.640728 205a4e600                 Options.inplace_update_num_locks: 10000
2022/09/04-15:27:43.640729 205a4e600               Options.memtable_prefix_bloom_size_ratio: 0.000000
2022/09/04-15:27:43.640730 205a4e600               Options.memtable_whole_key_filtering: 0
2022/09/04-15:27:43.640730 205a4e600   Options.memtable_huge_page_size: 0
2022/09/04-15:27:43.640731 205a4e600                           Options.bloom_locality: 0
2022/09/04-15:27:43.640732 205a4e600                    Options.max_successive_merges: 0
2022/09/04-15:27:43.640741 205a4e600                Options.optimize_filters_for_hits: 0
2022/09/04-15:27:43.640742 205a4e600                Options.paranoid_file_checks: 0
2022/09/04-15:27:43.640743 205a4e600                Options.force_consistency_checks: 0
2022/09/04-15:27:43.640744 205a4e600                Options.report_bg_io_stats: 0
2022/09/04-15:27:43.640744 205a4e600                               Options.ttl: 2592000
2022/09/04-15:27:43.640745 205a4e600          Options.periodic_compaction_seconds: 0
2022/09/04-15:27:43.641351 205a4e600 [db/version_set.cc:4718] Recovered from manifest file:/Users/linxinrong/Documents/ic/01/mysite/.dfx/state/replicated_state/node-100/ic_consensus_pool/consensus/MANIFEST-000001 succeeded,manifest_file_number is 1, next_file_number is 3, last_sequence is 0, log_number is 0,prev_log_number is 0,max_column_family is 0,min_log_number_to_keep is 0
2022/09/04-15:27:43.641354 205a4e600 [db/version_set.cc:4727] Column family [default] (ID 0), log number is 0
2022/09/04-15:27:43.641477 205a4e600 [db/version_set.cc:3950] Creating manifest 4
2022/09/04-15:27:43.641806 205a4e600 [db/column_family.cc:580] --------------- Options for column family [RB]:
2022/09/04-15:27:43.641809 205a4e600               Options.comparator: leveldb.BytewiseComparator
2022/09/04-15:27:43.641810 205a4e600           Options.merge_operator: None
2022/09/04-15:27:43.641812 205a4e600        Options.compaction_filter: filter_outdated
2022/09/04-15:27:43.641813 205a4e600        Options.compaction_filter_factory: None
2022/09/04-15:27:43.641814 205a4e600  Options.sst_partitioner_factory: None
2022/09/04-15:27:43.641815 205a4e600         Options.memtable_factory: SkipListFactory
2022/09/04-15:27:43.641816 205a4e600            Options.table_factory: BlockBasedTable
2022/09/04-15:27:43.641840 205a4e600            table_factory options:   flush_block_policy_factory: FlushBlockBySizePolicyFactory (0x600002309170)
  cache_index_and_filter_blocks: 0
  cache_index_and_filter_blocks_with_high_priority: 1
  pin_l0_filter_and_index_blocks_in_cache: 0
  pin_top_level_index_and_filter: 1
  index_type: 0
  data_block_index_type: 0
  index_shortening: 1
  data_block_hash_table_util_ratio: 0.750000
  hash_index_allow_collision: 1
  checksum: 1
  no_block_cache: 0
  block_cache: 0x600001001738
  block_cache_name: LRUCache
  block_cache_options:
    capacity : 8388608
    num_shard_bits : 4
    strict_capacity_limit : 0
    memory_allocator : None
    high_pri_pool_ratio: 0.000
  block_cache_compressed: 0x0
  persistent_cache: 0x0
  block_size: 4096
  block_size_deviation: 10
  block_restart_interval: 16
  index_block_restart_interval: 1
  metadata_block_size: 4096
  partition_filters: 0
  use_delta_encoding: 1
  filter_policy: nullptr
  whole_key_filtering: 1
  verify_compression: 0
  read_amp_bytes_per_bit: 0
  format_version: 4
  enable_index_compression: 1
  block_align: 0
2022/09/04-15:27:43.641843 205a4e600        Options.write_buffer_size: 67108864
2022/09/04-15:27:43.641844 205a4e600  Options.max_write_buffer_number: 2
2022/09/04-15:27:43.641845 205a4e600          Options.compression: NoCompression
2022/09/04-15:27:43.641846 205a4e600                  Options.bottommost_compression: Disabled
2022/09/04-15:27:43.641847 205a4e600       Options.prefix_extractor: nullptr
2022/09/04-15:27:43.641847 205a4e600   Options.memtable_insert_with_hint_prefix_extractor: nullptr
2022/09/04-15:27:43.641848 205a4e600             Options.num_levels: 7
2022/09/04-15:27:43.641849 205a4e600        Options.min_write_buffer_number_to_merge: 1
2022/09/04-15:27:43.641850 205a4e600     Options.max_write_buffer_number_to_maintain: 0
2022/09/04-15:27:43.641850 205a4e600     Options.max_write_buffer_size_to_maintain: 0
2022/09/04-15:27:43.641851 205a4e600            Options.bottommost_compression_opts.window_bits: -14
2022/09/04-15:27:43.641852 205a4e600                  Options.bottommost_compression_opts.level: 32767
2022/09/04-15:27:43.641853 205a4e600               Options.bottommost_compression_opts.strategy: 0
2022/09/04-15:27:43.641854 205a4e600         Options.bottommost_compression_opts.max_dict_bytes: 0
2022/09/04-15:27:43.641854 205a4e600         Options.bottommost_compression_opts.zstd_max_train_bytes: 0
2022/09/04-15:27:43.641855 205a4e600         Options.bottommost_compression_opts.parallel_threads: 1
2022/09/04-15:27:43.641856 205a4e600                  Options.bottommost_compression_opts.enabled: false
2022/09/04-15:27:43.641857 205a4e600            Options.compression_opts.window_bits: -14
2022/09/04-15:27:43.641858 205a4e600                  Options.compression_opts.level: 32767
2022/09/04-15:27:43.641858 205a4e600               Options.compression_opts.strategy: 0
2022/09/04-15:27:43.641859 205a4e600         Options.compression_opts.max_dict_bytes: 0
2022/09/04-15:27:43.641860 205a4e600         Options.compression_opts.zstd_max_train_bytes: 0
2022/09/04-15:27:43.641861 205a4e600         Options.compression_opts.parallel_threads: 1
2022/09/04-15:27:43.641861 205a4e600                  Options.compression_opts.enabled: false
2022/09/04-15:27:43.641862 205a4e600      Options.level0_file_num_compaction_trigger: 4
2022/09/04-15:27:43.641874 205a4e600          Options.level0_slowdown_writes_trigger: 20
2022/09/04-15:27:43.641875 205a4e600              Options.level0_stop_writes_trigger: 36
2022/09/04-15:27:43.641875 205a4e600                   Options.target_file_size_base: 67108864
2022/09/04-15:27:43.641876 205a4e600             Options.target_file_size_multiplier: 1
2022/09/04-15:27:43.641877 205a4e600                Options.max_bytes_for_level_base: 268435456
2022/09/04-15:27:43.641878 205a4e600 Options.level_compaction_dynamic_level_bytes: 0
2022/09/04-15:27:43.641879 205a4e600          Options.max_bytes_for_level_multiplier: 10.000000
2022/09/04-15:27:43.641880 205a4e600 Options.max_bytes_for_level_multiplier_addtl[0]: 1
2022/09/04-15:27:43.641881 205a4e600 Options.max_bytes_for_level_multiplier_addtl[1]: 1
2022/09/04-15:27:43.641881 205a4e600 Options.max_bytes_for_level_multiplier_addtl[2]: 1
2022/09/04-15:27:43.641882 205a4e600 Options.max_bytes_for_level_multiplier_addtl[3]: 1
2022/09/04-15:27:43.641883 205a4e600 Options.max_bytes_for_level_multiplier_addtl[4]: 1
2022/09/04-15:27:43.641884 205a4e600 Options.max_bytes_for_level_multiplier_addtl[5]: 1
2022/09/04-15:27:43.641884 205a4e600 Options.max_bytes_for_level_multiplier_addtl[6]: 1
2022/09/04-15:27:43.641885 205a4e600       Options.max_sequential_skip_in_iterations: 8
2022/09/04-15:27:43.641886 205a4e600                    Options.max_compaction_bytes: 1677721600
2022/09/04-15:27:43.641887 205a4e600                        Options.arena_block_size: 8388608
2022/09/04-15:27:43.641888 205a4e600   Options.soft_pending_compaction_bytes_limit: 68719476736
2022/09/04-15:27:43.641888 205a4e600   Options.hard_pending_compaction_bytes_limit: 274877906944
2022/09/04-15:27:43.641889 205a4e600       Options.rate_limit_delay_max_milliseconds: 100
2022/09/04-15:27:43.641890 205a4e600                Options.disable_auto_compactions: 1
2022/09/04-15:27:43.641891 205a4e600                        Options.compaction_style: kCompactionStyleLevel
2022/09/04-15:27:43.641892 205a4e600                          Options.compaction_pri: kMinOverlappingRatio
2022/09/04-15:27:43.641892 205a4e600 Options.compaction_options_universal.size_ratio: 1
2022/09/04-15:27:43.641893 205a4e600 Options.compaction_options_universal.min_merge_width: 2
2022/09/04-15:27:43.641894 205a4e600 Options.compaction_options_universal.max_merge_width: 4294967295
2022/09/04-15:27:43.641895 205a4e600 Options.compaction_options_universal.max_size_amplification_percent: 200
2022/09/04-15:27:43.641896 205a4e600 Options.compaction_options_universal.compression_size_percent: -1
2022/09/04-15:27:43.641897 205a4e600 Options.compaction_options_universal.stop_style: kCompactionStopStyleTotalSize
2022/09/04-15:27:43.641897 205a4e600 Options.compaction_options_fifo.max_table_files_size: 1073741824
2022/09/04-15:27:43.641898 205a4e600 Options.compaction_options_fifo.allow_compaction: 0
2022/09/04-15:27:43.641899 205a4e600                   Options.table_properties_collectors: 
2022/09/04-15:27:43.641900 205a4e600                   Options.inplace_update_support: 0
2022/09/04-15:27:43.641901 205a4e600                 Options.inplace_update_num_locks: 10000
2022/09/04-15:27:43.641902 205a4e600               Options.memtable_prefix_bloom_size_ratio: 0.000000
2022/09/04-15:27:43.641902 205a4e600               Options.memtable_whole_key_filtering: 0
2022/09/04-15:27:43.641903 205a4e600   Options.memtable_huge_page_size: 0
2022/09/04-15:27:43.641904 205a4e600                           Options.bloom_locality: 0
2022/09/04-15:27:43.641905 205a4e600                    Options.max_successive_merges: 0
2022/09/04-15:27:43.641905 205a4e600                Options.optimize_filters_for_hits: 0
2022/09/04-15:27:43.641906 205a4e600                Options.paranoid_file_checks: 0
2022/09/04-15:27:43.641907 205a4e600                Options.force_consistency_checks: 0
2022/09/04-15:27:43.641908 205a4e600                Options.report_bg_io_stats: 0
2022/09/04-15:27:43.641908 205a4e600                               Options.ttl: 2592000
2022/09/04-15:27:43.641909 205a4e600          Options.periodic_compaction_seconds: 2592000
2022/09/04-15:27:43.641964 205a4e600 [db/db_impl/db_impl.cc:2563] Created column family [RB] (ID 1)
2022/09/04-15:27:43.642853 205a4e600 [db/column_family.cc:580] --------------- Options for column family [FZ]:
2022/09/04-15:27:43.642855 205a4e600               Options.comparator: leveldb.BytewiseComparator
2022/09/04-15:27:43.642856 205a4e600           Options.merge_operator: None
2022/09/04-15:27:43.642857 205a4e600        Options.compaction_filter: filter_outdated
2022/09/04-15:27:43.642858 205a4e600        Options.compaction_filter_factory: None
2022/09/04-15:27:43.642858 205a4e600  Options.sst_partitioner_factory: None
2022/09/04-15:27:43.642859 205a4e600         Options.memtable_factory: SkipListFactory
2022/09/04-15:27:43.642860 205a4e600            Options.table_factory: BlockBasedTable
2022/09/04-15:27:43.642873 205a4e600            table_factory options:   flush_block_policy_factory: FlushBlockBySizePolicyFactory (0x6000023091c0)
  cache_index_and_filter_blocks: 0
  cache_index_and_filter_blocks_with_high_priority: 1
  pin_l0_filter_and_index_blocks_in_cache: 0
  pin_top_level_index_and_filter: 1
  index_type: 0
  data_block_index_type: 0
  index_shortening: 1
  data_block_hash_table_util_ratio: 0.750000
  hash_index_allow_collision: 1
  checksum: 1
  no_block_cache: 0
  block_cache: 0x6000010017d8
  block_cache_name: LRUCache
  block_cache_options:
    capacity : 8388608
    num_shard_bits : 4
    strict_capacity_limit : 0
    memory_allocator : None
    high_pri_pool_ratio: 0.000
  block_cache_compressed: 0x0
  persistent_cache: 0x0
  block_size: 4096
  block_size_deviation: 10
  block_restart_interval: 16
  index_block_restart_interval: 1
  metadata_block_size: 4096
  partition_filters: 0
  use_delta_encoding: 1
  filter_policy: nullptr
  whole_key_filtering: 1
  verify_compression: 0
  read_amp_bytes_per_bit: 0
  format_version: 4
  enable_index_compression: 1
  block_align: 0
2022/09/04-15:27:43.642874 205a4e600        Options.write_buffer_size: 67108864
2022/09/04-15:27:43.642875 205a4e600  Options.max_write_buffer_number: 2
2022/09/04-15:27:43.642876 205a4e600          Options.compression: NoCompression
2022/09/04-15:27:43.642877 205a4e600                  Options.bottommost_compression: Disabled
2022/09/04-15:27:43.642878 205a4e600       Options.prefix_extractor: nullptr
2022/09/04-15:27:43.642878 205a4e600   Options.memtable_insert_with_hint_prefix_extractor: nullptr
2022/09/04-15:27:43.642879 205a4e600             Options.num_levels: 7
2022/09/04-15:27:43.642880 205a4e600        Options.min_write_buffer_number_to_merge: 1
2022/09/04-15:27:43.642881 205a4e600     Options.max_write_buffer_number_to_maintain: 0
2022/09/04-15:27:43.642881 205a4e600     Options.max_write_buffer_size_to_maintain: 0
2022/09/04-15:27:43.642882 205a4e600            Options.bottommost_compression_opts.window_bits: -14
2022/09/04-15:27:43.642883 205a4e600                  Options.bottommost_compression_opts.level: 32767
2022/09/04-15:27:43.642884 205a4e600               Options.bottommost_compression_opts.strategy: 0
2022/09/04-15:27:43.642885 205a4e600         Options.bottommost_compression_opts.max_dict_bytes: 0
2022/09/04-15:27:43.642885 205a4e600         Options.bottommost_compression_opts.zstd_max_train_bytes: 0
2022/09/04-15:27:43.642886 205a4e600         Options.bottommost_compression_opts.parallel_threads: 1
2022/09/04-15:27:43.642887 205a4e600                  Options.bottommost_compression_opts.enabled: false
2022/09/04-15:27:43.642888 205a4e600            Options.compression_opts.window_bits: -14
2022/09/04-15:27:43.642888 205a4e600                  Options.compression_opts.level: 32767
2022/09/04-15:27:43.642889 205a4e600               Options.compression_opts.strategy: 0
2022/09/04-15:27:43.642890 205a4e600         Options.compression_opts.max_dict_bytes: 0
2022/09/04-15:27:43.642891 205a4e600         Options.compression_opts.zstd_max_train_bytes: 0
2022/09/04-15:27:43.642891 205a4e600         Options.compression_opts.parallel_threads: 1
2022/09/04-15:27:43.642892 205a4e600                  Options.compression_opts.enabled: false
2022/09/04-15:27:43.642893 205a4e600      Options.level0_file_num_compaction_trigger: 4
2022/09/04-15:27:43.642902 205a4e600          Options.level0_slowdown_writes_trigger: 20
2022/09/04-15:27:43.642903 205a4e600              Options.level0_stop_writes_trigger: 36
2022/09/04-15:27:43.642903 205a4e600                   Options.target_file_size_base: 67108864
2022/09/04-15:27:43.642904 205a4e600             Options.target_file_size_multiplier: 1
2022/09/04-15:27:43.642905 205a4e600                Options.max_bytes_for_level_base: 268435456
2022/09/04-15:27:43.642906 205a4e600 Options.level_compaction_dynamic_level_bytes: 0
2022/09/04-15:27:43.642906 205a4e600          Options.max_bytes_for_level_multiplier: 10.000000
2022/09/04-15:27:43.642907 205a4e600 Options.max_bytes_for_level_multiplier_addtl[0]: 1
2022/09/04-15:27:43.642908 205a4e600 Options.max_bytes_for_level_multiplier_addtl[1]: 1
2022/09/04-15:27:43.642909 205a4e600 Options.max_bytes_for_level_multiplier_addtl[2]: 1
2022/09/04-15:27:43.642910 205a4e600 Options.max_bytes_for_level_multiplier_addtl[3]: 1
2022/09/04-15:27:43.642911 205a4e600 Options.max_bytes_for_level_multiplier_addtl[4]: 1
2022/09/04-15:27:43.642911 205a4e600 Options.max_bytes_for_level_multiplier_addtl[5]: 1
2022/09/04-15:27:43.642912 205a4e600 Options.max_bytes_for_level_multiplier_addtl[6]: 1
2022/09/04-15:27:43.642913 205a4e600       Options.max_sequential_skip_in_iterations: 8
2022/09/04-15:27:43.642914 205a4e600                    Options.max_compaction_bytes: 1677721600
2022/09/04-15:27:43.642914 205a4e600                        Options.arena_block_size: 8388608
2022/09/04-15:27:43.642915 205a4e600   Options.soft_pending_compaction_bytes_limit: 68719476736
2022/09/04-15:27:43.642916 205a4e600   Options.hard_pending_compaction_bytes_limit: 274877906944
2022/09/04-15:27:43.642917 205a4e600       Options.rate_limit_delay_max_milliseconds: 100
2022/09/04-15:27:43.642918 205a4e600                Options.disable_auto_compactions: 1
2022/09/04-15:27:43.642918 205a4e600                        Options.compaction_style: kCompactionStyleLevel
2022/09/04-15:27:43.642919 205a4e600                          Options.compaction_pri: kMinOverlappingRatio
2022/09/04-15:27:43.642920 205a4e600 Options.compaction_options_universal.size_ratio: 1
2022/09/04-15:27:43.642921 205a4e600 Options.compaction_options_universal.min_merge_width: 2
2022/09/04-15:27:43.642921 205a4e600 Options.compaction_options_universal.max_merge_width: 4294967295
2022/09/04-15:27:43.642922 205a4e600 Options.compaction_options_universal.max_size_amplification_percent: 200
2022/09/04-15:27:43.642923 205a4e600 Options.compaction_options_universal.compression_size_percent: -1
2022/09/04-15:27:43.642924 205a4e600 Options.compaction_options_universal.stop_style: kCompactionStopStyleTotalSize
2022/09/04-15:27:43.642925 205a4e600 Options.compaction_options_fifo.max_table_files_size: 1073741824
2022/09/04-15:27:43.642926 205a4e600 Options.compaction_options_fifo.allow_compaction: 0
2022/09/04-15:27:43.642927 205a4e600                   Options.table_properties_collectors: 
2022/09/04-15:27:43.642927 205a4e600                   Options.inplace_update_support: 0
2022/09/04-15:27:43.642928 205a4e600                 Options.inplace_update_num_locks: 10000
2022/09/04-15:27:43.642929 205a4e600               Options.memtable_prefix_bloom_size_ratio: 0.000000
2022/09/04-15:27:43.642930 205a4e600               Options.memtable_whole_key_filtering: 0
2022/09/04-15:27:43.642930 205a4e600   Options.memtable_huge_page_size: 0
2022/09/04-15:27:43.642931 205a4e600                           Options.bloom_locality: 0
2022/09/04-15:27:43.642932 205a4e600                    Options.max_successive_merges: 0
2022/09/04-15:27:43.642933 205a4e600                Options.optimize_filters_for_hits: 0
2022/09/04-15:27:43.642933 205a4e600                Options.paranoid_file_checks: 0
2022/09/04-15:27:43.642934 205a4e600                Options.force_consistency_checks: 0
2022/09/04-15:27:43.642935 205a4e600                Options.report_bg_io_stats: 0
2022/09/04-15:27:43.642936 205a4e600                               Options.ttl: 2592000
2022/09/04-15:27:43.642936 205a4e600          Options.periodic_compaction_seconds: 2592000
2022/09/04-15:27:43.642965 205a4e600 [db/db_impl/db_impl.cc:2563] Created column family [FZ] (ID 2)
2022/09/04-15:27:43.643808 205a4e600 [db/column_family.cc:580] --------------- Options for column family [NZ]:
2022/09/04-15:27:43.643810 205a4e600               Options.comparator: leveldb.BytewiseComparator
2022/09/04-15:27:43.643811 205a4e600           Options.merge_operator: None
2022/09/04-15:27:43.643812 205a4e600        Options.compaction_filter: filter_outdated
2022/09/04-15:27:43.643812 205a4e600        Options.compaction_filter_factory: None
2022/09/04-15:27:43.643813 205a4e600  Options.sst_partitioner_factory: None
2022/09/04-15:27:43.643814 205a4e600         Options.memtable_factory: SkipListFactory
2022/09/04-15:27:43.643815 205a4e600            Options.table_factory: BlockBasedTable
2022/09/04-15:27:43.643827 205a4e600            table_factory options:   flush_block_policy_factory: FlushBlockBySizePolicyFactory (0x600002309210)
  cache_index_and_filter_blocks: 0
  cache_index_and_filter_blocks_with_high_priority: 1
  pin_l0_filter_and_index_blocks_in_cache: 0
  pin_top_level_index_and_filter: 1
  index_type: 0
  data_block_index_type: 0
  index_shortening: 1
  data_block_hash_table_util_ratio: 0.750000
  hash_index_allow_collision: 1
  checksum: 1
  no_block_cache: 0
  block_cache: 0x600001001878
  block_cache_name: LRUCache
  block_cache_options:
    capacity : 8388608
    num_shard_bits : 4
    strict_capacity_limit : 0
    memory_allocator : None
    high_pri_pool_ratio: 0.000
  block_cache_compressed: 0x0
  persistent_cache: 0x0
  block_size: 4096
  block_size_deviation: 10
  block_restart_interval: 16
  index_block_restart_interval: 1
  metadata_block_size: 4096
  partition_filters: 0
  use_delta_encoding: 1
  filter_policy: nullptr
  whole_key_filtering: 1
  verify_compression: 0
  read_amp_bytes_per_bit: 0
  format_version: 4
  enable_index_compression: 1
  block_align: 0
2022/09/04-15:27:43.643828 205a4e600        Options.write_buffer_size: 67108864
2022/09/04-15:27:43.643829 205a4e600  Options.max_write_buffer_number: 2
2022/09/04-15:27:43.643830 205a4e600          Options.compression: NoCompression
2022/09/04-15:27:43.643831 205a4e600                  Options.bottommost_compression: Disabled
2022/09/04-15:27:43.643831 205a4e600       Options.prefix_extractor: nullptr
2022/09/04-15:27:43.643832 205a4e600   Options.memtable_insert_with_hint_prefix_extractor: nullptr
2022/09/04-15:27:43.643833 205a4e600             Options.num_levels: 7
2022/09/04-15:27:43.643834 205a4e600        Options.min_write_buffer_number_to_merge: 1
2022/09/04-15:27:43.643835 205a4e600     Options.max_write_buffer_number_to_maintain: 0
2022/09/04-15:27:43.643835 205a4e600     Options.max_write_buffer_size_to_maintain: 0
2022/09/04-15:27:43.643836 205a4e600            Options.bottommost_compression_opts.window_bits: -14
2022/09/04-15:27:43.643837 205a4e600                  Options.bottommost_compression_opts.level: 32767
2022/09/04-15:27:43.643838 205a4e600               Options.bottommost_compression_opts.strategy: 0
2022/09/04-15:27:43.643838 205a4e600         Options.bottommost_compression_opts.max_dict_bytes: 0
2022/09/04-15:27:43.643839 205a4e600         Options.bottommost_compression_opts.zstd_max_train_bytes: 0
2022/09/04-15:27:43.643840 205a4e600         Options.bottommost_compression_opts.parallel_threads: 1
2022/09/04-15:27:43.643841 205a4e600                  Options.bottommost_compression_opts.enabled: false
2022/09/04-15:27:43.643841 205a4e600            Options.compression_opts.window_bits: -14
2022/09/04-15:27:43.643842 205a4e600                  Options.compression_opts.level: 32767
2022/09/04-15:27:43.643843 205a4e600               Options.compression_opts.strategy: 0
2022/09/04-15:27:43.643844 205a4e600         Options.compression_opts.max_dict_bytes: 0
2022/09/04-15:27:43.643845 205a4e600         Options.compression_opts.zstd_max_train_bytes: 0
2022/09/04-15:27:43.643845 205a4e600         Options.compression_opts.parallel_threads: 1
2022/09/04-15:27:43.643846 205a4e600                  Options.compression_opts.enabled: false
2022/09/04-15:27:43.643847 205a4e600      Options.level0_file_num_compaction_trigger: 4
2022/09/04-15:27:43.643856 205a4e600          Options.level0_slowdown_writes_trigger: 20
2022/09/04-15:27:43.643857 205a4e600              Options.level0_stop_writes_trigger: 36
2022/09/04-15:27:43.643858 205a4e600                   Options.target_file_size_base: 67108864
2022/09/04-15:27:43.643859 205a4e600             Options.target_file_size_multiplier: 1
2022/09/04-15:27:43.643859 205a4e600                Options.max_bytes_for_level_base: 268435456
2022/09/04-15:27:43.643860 205a4e600 Options.level_compaction_dynamic_level_bytes: 0
2022/09/04-15:27:43.643861 205a4e600          Options.max_bytes_for_level_multiplier: 10.000000
2022/09/04-15:27:43.643862 205a4e600 Options.max_bytes_for_level_multiplier_addtl[0]: 1
2022/09/04-15:27:43.643863 205a4e600 Options.max_bytes_for_level_multiplier_addtl[1]: 1
2022/09/04-15:27:43.643863 205a4e600 Options.max_bytes_for_level_multiplier_addtl[2]: 1
2022/09/04-15:27:43.643864 205a4e600 Options.max_bytes_for_level_multiplier_addtl[3]: 1
2022/09/04-15:27:43.643865 205a4e600 Options.max_bytes_for_level_multiplier_addtl[4]: 1
2022/09/04-15:27:43.643866 205a4e600 Options.max_bytes_for_level_multiplier_addtl[5]: 1
2022/09/04-15:27:43.643866 205a4e600 Options.max_bytes_for_level_multiplier_addtl[6]: 1
2022/09/04-15:27:43.643867 205a4e600       Options.max_sequential_skip_in_iterations: 8
2022/09/04-15:27:43.643868 205a4e600                    Options.max_compaction_bytes: 1677721600
2022/09/04-15:27:43.643869 205a4e600                        Options.arena_block_size: 8388608
2022/09/04-15:27:43.643870 205a4e600   Options.soft_pending_compaction_bytes_limit: 68719476736
